1253
5446
4143
4008
5048
9617
6901
2277
5625
1093
8233
2561
8418
7010
4120
5332
1160
9274
3917
680
3357
7392
2417
490
6951
9735
705
9101
1682
2131
1310
7235
8631
7641
3075
3144
734
9806
4619
5359
7075
2852
3509
9489
7663
7996
4020
8824
5453
8739
9504
3211
6131
6626
247
3083
4592
4853
1504
817
9358
1757
7378
9308
5071
886
1561
8776
6955
276
7348
6644
4751
7074
1423
4855
1476
6244
4962
6930
7465
1760
2920
1267
1094
6135
1217
8017
2747
8981
1595
347
2757
4072
7383
361
6207
659
7225
5822
6281
4508
9799
9193
676
2804
894
7479
5423
6081
9083
537
324
6114
5495
2357
1107
441
8966
2047
9481
2245
7835
6833
2535
8568
3207
905
7114
6282
437
4977
6718
5977
5065
3111
5156
4693
4909
8814
1073
2076
1772
4237
366
7648
2295
8622
8231
2187
5345
5265
4364
1171
5163
208
6323
7088
8044
880
1419
828
6128
7195
7238
7713
1351
322
5854
8089
2541
6542
3055
644
9844
3421
2064
4241
4291
9158
8719
3637
7204
4309
4483
5580
2830
4521
7352
577
8467
9929
3078
5315
962
4759
2048
5275
6721
3657
2937
8263
4511
2742
2793
4355
9413
3302
4190
7080
3104
8036
980
1823
2958
7259
5889
6864
8371
8903
4571
1126
5632
2084
6748
5034
374
6107
6669
3425
9420
7769
2689
7335
4706
5482
748
1454
4315
327
8151
2733
1413
5036
6276
5166
7520
3435
7968
8202
2522
172
5954
9454
2325
2199
9433
4671
6903
506
7992
4718
5899
5095
3920
4075
6160
2480
4298
584
6054
8539
8004
93
5017
2810
1983
652
1514
7789
5704
3769
540
887
290
1778
243
1448
2974
7298
2721
3242
9861
104
15
2423
1824
3513
1212
963
9104
5680
1899
8422
6271
5690
7469
2991
485
5279
9536
1869
2156
9224
4697
7005
4527
3900
6433
7228
2243
5210
6404
2315
2995
9513
6994
481
3339
2402
4539
5526
3485
1986
6472
4481
3423
3128
5652
7821
1238
5168
7856
1150
4453
3670
6380
8131
8938
6188
4579
2611
1399
6393
1170
4053
7161
6963
7689
1860
1831
3615
9070
9239
9159
2715
3358
9885
4123
1325
8944
4380
228
3756
2299
4417
7427
4350
1271
3893
704
1260
187
7554
2941
3772
8193
2665
2324
3115
4287
116
2839
1386
438
4647
6968
2871
7615
1251
2604
3034
2610
1353
9858
7971
7914
4218
4594
2020
8111
7406
1643
1616
1617
8101
6324
3036
3887
5673
7300
8156
2977
6387
5397
3954
4926
2366
6986
3908
6367
2215
8908
6305
2091
7787
4276
4032
4872
8636
3218
5720
4535
3664
7719
3486
356
1935
930
4715
4375
3805
6797
909
4423
8248
9060
9554
4560
7069
4965
8254
119
2896
8141
3508
7878
8836
7540
2889
7707
4308
3007
3984
4424
5761
3997
7872
1215
2809
1843
3692
5885
3898
4178
595
3006
5452
4444
5395
8953
6543
3649
3279
4875
2847
127
523
7031
8122
2067
4752
5561
4351
8736
6264
3502
6485
3968
230
229
147
3979
1567
299
99
3023
2556
2484
4064
552
4043
608
1675
7258
2031
9072
6907
3179
79
5270
4185
725
8510
607
2144
1491
7140
2845
1435
3811
4461
9490
983
385
7889
1584
6819
9985
619
1516
8011
4663
8064
9686
7596
8312
8452
7234
180
7619
4803
3212
8185
4167
9003
8605
5257
4744
1346
7660
5026
253
4236
576
9205
3188
4085
4041
9494
976
18
8570
9368
4345
5672
2056
4006
1167
5040
2323
7467
2193
7457
277
2258
1335
2633
1662
6080
764
1906
2264
1598
6710
2652
2185
8970
2959
2310
416
3813
2740
2520
5274
1954
3863
2239
5540
7486
2132
4682
3875
9777
7385
1931
3000
7614
3298
4105
6759
9192
6211
4800
7791
3899
1917
6820
1947
1157
4552
5799
1077
924
2302
3684
1385
2599
1943
4003
717
3522
1295
7363
6853
6555
9054
2682
4169
8527
6489
7863
2206
9748
7761
3142
9057
4582
3325
2669
4862
148
2509
9229
3781
2647
1028
2348
8652
3807
1710
692
6241
1956
352
3043
1234
5518
6516
3406
4098
4513
9534
9448
4448
144
2591
4553
8164
7563
5528
1594
4502
1985
4348
2780
6
1391
1713
8348
5565
6179
3928
9186
770
1912
4324
188
6208
3422
5706
7680
8735
8377
2914
3183
3550
9720
3176
3632
6453
5001
1603
6929
6987
4959
8025
2317
9045
2895
2237
3702
3971
7072
3108
2026
4661
9906
8287
6738
1804
4035
1196
2965
4320
3053
7629
3250
9875
779
1666
4282
3458
2918
9258
1790
1225
5042
3361
3682
2674
4788
3213
1749
3557
6527
5457
944
3843
4013
9732
2233
6239
5755
9243
1585
771
9039
516
6153
7387
3647
6517
9091
1851
1498
949
4621
1277
3779
9813
7997
3590
8745
1769
4207
7704
8343
2471
2178
8321
4193
8361
6432
1840
315
9983
743
3660
2189
6015
4429
9655
8256
4770
2876
9754
7014
2654
9972
9163
6463
94
9341
2656
5137
7141
4824
4905
1583
951
5583
7818
3725
958
6841
6918
7918
2778
3959
7282
1096
5537
2364
3654
4217
6728
3409
48
1259
873
7375
6247
7880
6716
8904
5310
5696
5584
1130
4420
4317
5019
4441
3993
4703
1654
911
5707
9316
3903
491
3544
3260
8907
3259
7366
5823
4214
9590
2573
3989
2006
4740
3416
8723
5064
1066
3775
8797
1113
9634
1963
820
8209
2398
8408
8197
1619
5106
3760
5371
6997
7766
9171
5905
3905
4873
9248
3453
2120
1822
1300
9225
6411
9230
2065
8369
4387
133
9823
3780
2576
8018
9782
106
6085
8190
7578
9595
8919
8339
3597
5642
6106
8556
268
6010
7800
1875
3465
2931
2618
1039
778
3262
1828
1207
1631
6155
2209
6235
1651
8460
7412
9607
5158
9563
9629
2781
8517
7640
3950
9920
3916
4942
2425
5464
2457
3667
6260
8281
1690
8879
2062
1065
2225
1203
3151
2473
4971
8842
2278
6627
9386
1929
8066
4545
7308
3268
1587
6762
5740
9317
535
9886
1978
1897
662
5198
9955
9076
1286
1645
4628
7839
2464
2632
6655
2813
6406
1627
5828
1481
461
2719
3487
3376
7752
7036
4016
6726
2527
7537
1480
1835
7501
3818
418
4184
5112
3518
6834
201
6832
5128
9580
9078
9956
1964
236
6896
5385
3012
5649
3639
8943
6238
9960
654
1936
7198
9146
9870
1400
8975
1216
6289
4804
1357
9829
3275
5200
5893
572
4807
3217
1940
2815
3174
3399
2354
854
8784
4033
7535
2424
4096
2872
8963
8325
2397
2529
9865
2374
249
8488
174
4163
4083
1202
2408
8932
6403
4094
1471
5660
2334
1649
7974
1771
4512
2446
5662
251
6326
2582
5722
6880
5520
8107
421
5976
4470
192
1144
234
5212
4225
7018
7788
8319
8912
9801
4723
6705
36
1815
3634
8940
4705
9142
6234
4495
5180
4918
2221
6771
9672
4576
9165
4024
3930
4062
2390
3432
844
3038
8645
3646
2253
9514
2377
4891
9315
1493
436
7828
6595
9371
1733
3449
8514
7061
4166
2703
6891
7483
9474
1384
7969
1486
1842
7555
49
7886
8815
7296
1792
4347
6475
4046
6886
600
1180
6933
5924
4221
2700
1987
3592
2500
6046
542
8706
9152
13
2168
7078
4696
7939
1543
7433
7943
9098
1540
6206
4198
1991
8236
2151
1369
2282
6477
1411
3600
3724
681
9949
9994
2034
8580
8407
1308
7575
8554
1424
4936
176
4484
6686
5543
1581
2707
7280
5126
1972
4587
5009
1601
4146
4933
2768
7759
3801
1564
5872
2183
868
7185
6775
9954
4847
5923
2226
3741
5268
2413
3157
9836
3831
3624
8686
4164
8112
1913
9291
2779
271
29
1593
3223
9061
4599
1614
4934
593
5217
4371
589
6077
1938
9846
4720
1994
641
3953
4036
1364
5623
2523
7995
2626
9555
8026
4786
2088
5407
2272
9455
921
5681
9107
4694
2332
3040
2179
7833
8258
2545
6337
4336
1660
3046
9853
5570
585
5498
9681
3983
6766
2513
1589
3439
6339
5871
8226
4378
2018
9460
123
5011
5141
7120
6272
5422
9642
1746
4796
5456
6199
8204
1383
4774
5850
2706
8973
559
8515
2879
6629
5281
6711
2853
9523
7073
8272
6876
4767
3355
6408
631
8547
5848
8791
4820
818
9360
3914
3253
8188
824
7043
7391
5523
1431
1568
5781
6919
4536
497
5148
8168
2603
5182
6890
3054
2170
4076
3384
9065
6601
8105
7613
1796
6275
5901
3586
2798
520
8016
1186
3261
4650
2340
8053
6082
1266
2915
8962
2859
9164
845
528
7549
6051
4656
8566
5082
1154
1950
6823
3319
5731
1932
1053
8782
2671
63
2833
8717
6894
8841
1006
1566
6161
2045
7649
2873
4391
62
6764
4097
2255
2558
5554
4730
4893
9492
9567
3388
2412
5873
2130
8450
3510
669
598
1816
5983
6690
4625
2840
1088
2058
1142
1302
7482
8110
1966
1873
3410
6336
7162
6431
3809
2678
9329
7148
1057
803
2913
601
7487
892
8999
7812
5337
6029
2469
2625
1479
1632
6209
4783
3471
8524
4885
1503
3062
109
6611
7620
3547
7915
3665
17
2957
4629
3369
5282
6549
8235
5578
2867
4281
5086
3804
3378
20
4110
7723
7489
8472
6861
7382
1519
6435
2884
8869
5627
2108
1013
256
7461
6004
1363
1734
4829
319
118
3088
2117
5341
4672
4985
3084
9759
5665
2485
164
2140
5568
2418
2814
5806
612
9310
8047
7021
7960
215
3678
9963
788
2490
9745
2592
4140
5364
7455
2948
6062
6557
8289
5600
3206
257
9640
4233
7019
907
4685
3060
8205
9265
1223
3125
6487
3341
3415
2540
4566
6437
6335
9941
855
2269
2534
2399
2220
1672
2858
2362
3532
3705
2764
5075
1814
1989
2283
5804
7323
2693
8864
2495
9649
7146
8626
954
8840
2467
8189
2816
3124
7837
3577
1613
3976
2378
173
401
2857
5153
7270
1720
9200
8088
1025
1685
396
3748
3569
2608
213
5333
1736
6619
7438
893
3210
9328
7516
4713
1604
744
2551
6252
2055
775
5567
5478
8300
9821
948
3697
3635
7029
9074
6279
7942
7667
5982
7687
7925
3336
4529
5562
4335
6647
1290
5016
9575
922
7748
5368
7038
270
5595
4793
1114
5678
8456
7891
7911
638
8048
1530
381
7882
6622
2142
5760
6878
2436
2792
4044
274
2822
1789
9063
882
7763
2465
4197
1199
7132
3444
6898
715
2000
6642
1609
3160
203
3258
1145
7207
1758
3153
8238
8557
2010
3789
2119
7838
4707
1165
2836
4980
492
4482
32
212
5703
7896
3929
2835
1832
1836
1687
6312
594
9451
7817
8245
1661
4358
1149
5701
9771
7301
5539
2172
3342
8628
1885
1334
5121
4721
2343
1459
392
2370
9082
4907
1818
5815
7742
4048
5025
3304
6965
7542
8619
8586
885
5306
4352
1242
6488
6703
9419
5851
8273
5358
550
2910
6826
9458
9769
8637
2008
4074
397
3251
5908
5321
7728
9211
7379
3256
7389
309
3003
5272
8799
4691
1768
6345
7932
7445
8469
1355
3296
7724
9751
7776
4624
8052
5569
3559
3776
6204
7426
9721
7295
2829
2145
8153
7674
3685
3581
611
8897
3129
2729
4860
2962
597
7715
8923
7738
3921
4532
7599
8234
4177
8811
5183
4344
1331
1895
1839
1819
3656
2281
2078
2694
5800
4401
4243
1703
9357
8308
4990
326
7046
6714
7359
7938
7790
530
2191
2773
9802
6713
6288
6094
674
477
8432
4966
301
6493
7743
6038
752
1523
8733
7749
5779
2976
6483
6490
3239
4063
2468
8803
6147
9828
8042
7785
7093
2547
5439
3891
9260
4293
2641
4785
1034
1826
7288
6306
2907
2692
8699
5138
5309
3391
3169
2385
4054
7952
4857
5339
633
1158
2860
6873
8241
2384
390
150
3686
4081
1951
6213
6168
9468
2308
807
4095
3758
2049
2987
2109
1783
8727
8518
2921
9322
8507
945
3606
4684
1309
8015
3329
1474
8000
1919
8540
2267
7571
1064
4746
3847
6910
9246
6133
4988
8345
1694
1974
5862
5471
2415
7711
5494
7231
5728
9094
1258
5255
9338
8413
4152
1599
5402
9259
6119
2244
5477
8386
5226
3499
2969
152
4540
5014
6084
822
3865
7822
9336
3434
6966
6552
4573
7239
3768
3763
4403
7497
7394
321
1695
2444
8214
4386
9705
4333
5089
9241
2720
2097
1444
4058
5691
8430
950
4711
8203
7307
9276
1478
5038
511
7907
3234
763
1825
5546
5548
5817
672
6491
5190
1547
995
2326
2517
1611
3525
6158
571
3645
2634
3991
6533
939
7219
5506
3988
1848
4038
200
9673
2606
4524
7322
248
9683
96
2338
7390
5458
7058
2751
6405
781
1044
9505
6674
3631
6902
6369
2738
9585
5875
5737
5370
8470
6672
9359
7842
3133
1027
283
1155
2731
9543
5298
4431
4639
8376
9169
5387
8845
4504
2525
4978
2994
9583
2404
2351
4526
7208
8148
3244
6230
4060
1765
2776
8023
4390
7782
2407
487
9719
6253
2001
6922
5409
7154
2973
7197
5833
3952
6043
5236
3539
4588
5365
5811
9808
5470
214
5529
2441
9377
3109
8713
9958
3830
9551
5092
2463
2947
5571
4150
3827
683
26
3621
9401
2789
5710
5355
3523
1962
3548
8121
2470
3320
9356
5796
4528
541
9750
8848
4745
5767
8229
1210
4173
5157
2196
8849
3402
768
343
8740
3414
5786
1012
3934
64
3814
4813
4768
1957
378
2890
9924
581
646
2702
3254
3102
2800
9699
7848
330
9550
1955
7541
2938
432
8166
4689
2205
3545
2677
6844
6698
3468
2672
6599
2307
3297
4342
3551
6520
7232
4515
3412
4056
5251
6846
7159
8504
1902
6280
8114
6016
7560
7187
4889
4377
1068
8957
3163
5605
471
6954
80
570
6308
3405
3436
3368
2892
5789
901
3451
8909
7338
7507
2877
7690
4666
3629
457
2894
9266
3798
1071
9376
427
2862
9112
7362
4737
1433
5078
6033
3195
4014
2342
3477
7862
1534
4578
8674
9398
5460
2856
4699
5581
6624
3037
5553
7966
7374
9674
4741
7330
9531
5377
2481
2394
9661
1097
8083
6989
2631
400
2952
2705
1089
9058
6751
9453
6882
7784
1521
799
9283
3170
3413
2166
3761
4688
6162
2644
1488
8161
2532
2777
8525
4876
6567
1489
3354
3735
4941
4397
4394
7016
1193
8578
5898
3854
5139
1701
5883
5410
5196
9659
8581
2114
6831
4090
9339
2993
137
9015
5411
4961
5532
1680
8783
8353
1780
1220
6013
3011
3385
3558
2440
1723
5219
9939
9125
7276
3222
488
5949
6375
8086
3651
7081
3560
4446
6064
6071
2943
8921
1460
8461
4919
7334
5867
4739
4001
5336
2262
2605
800
1933
8051
6798
6999
2732
8389
9484
9092
8886
3690
5109
4760
5204
409
9935
7049
4932
7399
5645
9696
6940
1428
6769
3351
1541
5684
7353
1591
5440
2964
4608
3884
3589
3978
2075
9006
2834
3009
8099
7408
5181
3567
7226
8620
5732
7940
5669
7685
3459
9898
616
9476
2544
7868
2828
9918
7057
3883
6436
3349
3146
710
2293
7098
8988
8191
2455
2516
7360
1135
2569
5816
1451
2515
5002
7588
4106
8399
857
8126
3238
486
4108
4304
284
1343
2004
1607
3534
4779
5484
3759
3628
2933
7922
5555
8342
6363
3672
9578
5288
7627
5926
101
3640
7561
1930
5303
2104
4809
6737
5266
8790
5988
1898
5594
4771
9299
204
4831
7510
2053
9144
6123
2630
7422
7156
8860
8159
947
14
736
5348
273
7716
9292
5260
8341
7904
8286
8729
3886
3947
1509
3648
6545
5425
4906
5844
2906
7712
162
8532
4939
459
4569
728
5614
1236
3511
8106
7998
4031
8562
5386
72
7855
3603
3127
5759
7509
6812
4357
3071
2864
6608
1181
1418
3137
8709
4332
4888
5609
6294
6502
1572
2542
5912
3496
2874
9423
2739
9944
3454
6673
9175
1327
9157
448
9452
4917
7333
6265
4050
5294
7956
1854
4426
811
1745
3138
5262
9140
2504
435
4176
224
7871
6588
6274
7116
6011
9014
1968
9466
5408
3570
3740
8520
3393
3404
5285
3079
3580
38
6007
5939
7199
5820
7214
6301
9351
7222
8911
9786
6494
1315
3147
5209
3431
9422
3280
4849
8436
2564
453
8752
2935
9775
8227
6328
3243
1115
7054
1209
7801
3074
6148
1019
7618
2819
6569
4867
2057
3017
5778
5444
2571
4414
1785
1151
5961
1946
2842
1405
2851
7693
3696
4168
3001
9252
3411
3113
405
883
761
8363
1518
9755
2590
7990
5998
9930
7304
4947
1915
8704
3032
1311
2985
7823
6889
2021
9102
6172
4113
9131
4142
4702
6214
9380
1138
9626
5783
5003
4565
9862
5445
2555
5618
6385
5324
484
2782
5864
6564
8692
9851
6957
3284
7180
9783
9149
3493
9053
6100
9382
6447
6503
7953
2134
1563
5056
7117
8883
4534
5886
9202
7032
9313
4381
5902
6913
9109
9734
7741
5987
6006
1041
2276
8820
7163
6777
3611
5420
8368
46
9766
4597
2752
785
6740
2442
2989
3734
9995
5785
5347
858
2627
5110
7404
3114
288
206
2849
547
5401
4518
8
149
9838
937
1159
3350
1739
1512
2623
8893
4228
2322
2741
5247
5559
3286
684
3323
5005
544
7774
4929
3583
6570
8763
267
8145
2596
9597
7522
5316
498
7755
2998
1908
4319
1774
5874
2416
2333
3014
9249
2797
5222
4497
5059
8509
1709
1580
4460
3029
2213
5857
6810
3019
8872
9566
8337
9691
2141
5055
8701
6311
2581
4890
1307
6615
9928
9408
8934
3375
4636
75
9621
1291
8590
2318
6154
3265
2635
3408
7191
5884
7129
3512
554
1420
7047
813
7705
4091
7807
7397
5451
737
6037
6546
6914
2420
3035
8550
5113
4864
787
8130
7346
4819
8577
8077
3765
9561
4115
6782
7332
4840
5909
1134
1163
3940
2367
6251
4245
1358
3825
6667
4296
4144
2346
7440
4454
1254
4649
1904
1429
3714
9957
4541
8533
578
8041
3277
28
7583
667
1457
3894
2035
3263
2403
6958
1389
5956
2105
3152
2435
9018
3105
2285
9233
1410
757
2783
1552
4382
6023
87
7572
5286
4220
2482
3267
222
9545
8663
5421
3380
2983
2805
730
9612
3537
3495
755
3031
9285
6803
8612
8613
6784
8649
6307
3193
707
8280
5327
9298
3967
735
7762
5004
8045
1658
642
7590
5863
1280
1058
8591
252
5630
4568
7557
4436
8741
2321
6184
4638
4798
8585
7524
1494
1556
899
5955
4525
6045
7421
7805
3464
8457
6679
4780
3653
5705
5485
5654
141
2248
3982
7644
4318
9934
1554
7281
8676
9501
8253
5448
6872
8542
9311
7171
4542
77
3918
9312
7601
6950
7804
1237
8537
1239
8982
7065
7125
5709
9444
2784
3101
6067
375
8476
4325
5877
4548
4678
5378
7275
7993
1727
4156
8098
964
5607
9108
9431
4764
7991
3491
3338
6510
7857
587
6481
6765
1896
4473
1578
4955
6785
5881
3047
6707
7912
7263
7318
2650
620
806
404
4892
7750
9417
5746
7778
9232
2107
5991
9182
9402
3401
6856
914
1838
3246
7799
2501
5897
7168
8324
5685
3516
9711
9630
1359
6059
5438
4019
2369
9623
8283
670
5114
6848
7369
7758
90
4012
6720
5860
9502
3999
8484
4927
7252
3166
1055
6386
8777
51
8901
6049
3602
8270
1045
4270
1781
5252
66
2159
4900
3219
5379
1674
6590
4261
9487
3733
5510
2458
8958
6169
805
4791
3566
2080
5511
5525
5959
4289
8207
8795
1031
8728
3430
6178
1446
5442
8910
3015
8922
4975
275
9172
3274
2503
8249
568
6589
2586
3100
4546
3897
3526
2712
3981
9509
4338
9702
6096
9662
7909
5032
9910
2880
2753
622
7316
3481
1005
3964
4213
6157
6563
5887
5855
6505
21
4543
3123
974
7113
3531
6609
9255
1289
2061
6779
4882
1206
4701
5326
3911
6799
5237
4747
1762
2579
3942
6444
3994
3119
4275
9798
4673
4584
6099
4825
8857
6450
3878
794
1618
4047
3536
7827
2181
1770
1859
8896
3455
8666
5981
564
549
2421
9645
9599
113
5513
1715
9352
2885
7020
8412
2069
6373
1111
9538
4023
4087
7565
7964
6457
830
1638
3116
1766
1179
1024
1118
3757
6867
9757
4754
1763
2661
1882
5067
8899
1941
9968
6719
242
1889
8926
3505
9791
7488
9519
6384
5349
7084
927
8846
3278
1893
7006
583
5500
3395
1436
9510
2242
4501
4265
5225
5492
9620
4732
8641
4449
3356
311
4117
5718
7364
8618
2838
4852
9236
879
590
2086
4171
556
1634
1432
3556
4642
1621
1837
1069
4121
8357
1075
6927
6233
7071
5920
9052
4392
45
1883
8781
220
5934
6145
8720
1775
4645
6471
4963
1717
3871
6749
4059
2917
8969
7616
4367
1642
5392
1784
58
7672
6572
1527
4244
7283
6992
9807
2653
6939
5515
4136
1890
6906
1441
3051
4921
2019
7737
7315
1615
2684
2392
302
5238
2083
1026
9478
3058
9670
4950
4124
6196
4630
5835
5213
2052
846
2204
7895
5879
3669
3638
6022
4712
7447
3209
1646
1332
9237
1352
5107
6398
8582
7106
2900
1200
7306
1620
5143
8327
9525
9267
8395
6842
5103
9644
709
4131
6899
3190
3868
2717
5167
4203
1648
2379
7747
3282
6638
2263
430
3783
4903
2280
320
648
5941
7403
384
2607
2029
5734
3574
2690
7118
442
9345
5466
8661
7003
4104
3549
9119
4157
9337
5090
7573
1329
2483
1079
8108
8296
47
165
664
7192
9552
5742
7529
4670
5900
8816
1553
5930
8006
6571
9857
3700
6420
9926
1755
7063
5765
9089
9226
194
3224
1806
68
9611
7630
3076
7271
3703
4648
3335
8754
6885
7594
4626
8768
647
5803
8890
8822
8218
412
8680
8930
1477
7936
237
671
5191
3248
373
6905
7329
6649
6722
3200
7905
4266
4199
6439
9387
2566
3939
986
1249
7431
8617
2667
2718
1786
5502
7694
175
2410
2806
4557
6198
1803
5178
5467
6454
5027
8660
2584
463
9217
2489
1396
8826
1909
8598
6750
3736
6665
849
5715
5302
3093
8632
3480
8794
1061
8444
7223
8135
5840
5639
9012
3823
9115
4263
2066
1724
1536
5300
6197
7972
8090
8054
7398
4433
5837
4149
9569
2232
3546
4930
3326
7147
5340
7581
9496
9120
7678
3923
2552
3617
5572
1229
754
1884
5996
4607
4154
5841
5154
3443
7538
4953
2301
4750
8800
1635
9080
7420
3535
628
3400
3888
8268
6464
7832
8810
7009
8964
4631
2030
3681
8380
917
3524
6689
4305
8780
2791
6313
3945
9840
495
812
132
3082
3995
4088
3745
7624
9235
5307
3192
4668
6978
1127
2673
2926
3044
716
8146
2211
3247
4226
4339
7547
5382
4846
8405
3961
9947
1500
6577
1009
2698
617
4089
5552
6287
4772
8642
4863
6122
6553
7523
548
5876
4017
4609
359
797
9746
4111
8163
5018
4865
3701
5203
839
5522
3273
1945
4018
1265
8635
6093
4373
4886
5284
7314
7060
8447
1716
501
5033
524
382
8837
8690
6401
4248
6772
1319
6140
6322
3187
2043
902
4634
2766
4970
8183
9622
3591
8309
8750
507
1301
7090
2188
9201
161
4946
6228
7841
5173
8809
5366
4010
1545
4257
4690
191
8072
184
9346
6012
6781
5250
1042
3561
1177
582
9849
7344
6417
4179
6875
6484
8003
5263
3709
2116
9001
4493
975
4174
1776
4937
563
6451
6285
2070
789
4748
9047
4272
3885
5088
574
5459
6056
6414
4283
915
5050
8466
4499
6136
4808
5091
7908
1864
5436
4901
1083
7861
6101
7989
4118
6676
860
3572
2803
7885
1795
6210
3571
8627
6767
8730
7962
6640
7584
7082
2427
745
4151
5869
1971
341
7302
2125
4994
8521
6429
9325
7740
4212
3507
4967
6514
3145
5369
1779
2002
4273
7780
610
4256
6125
358
4204
1197
3099
8496
8222
4260
6508
9355
34
4851
7709
2624
6258
8013
5644
9033
6909
7721
1506
5979
8434
8154
7013
6309
4477
7866
6297
2758
8695
1740
7552
2327
9075
447
5861
8965
3739
1871
2341
4992
2250
6250
8344
4246
7718
2090
3607
4627
4982
4563
7472
4859
5104
2666
9726
5437
6181
3517
1515
546
6643
5648
896
7386
5199
4940
2663
5102
6648
2419
185
2171
3165
4717
3324
3362
307
4916
7854
2518
8808
8063
7205
6130
4538
1305
7034
7297
7525
6165
7186
5847
1402
3834
7233
3419
6053
1023
7101
3729
124
2620
1370
8779
9059
4610
8014
9876
2059
9577
1718
5801
4312
1316
458
245
8062
160
7166
5261
7745
8212
9708
6541
1037
848
1090
6462
8158
6088
8549
9389
4399
4957
4389
1345
2274
3048
4766
4463
6009
7931
7533
6467
9582
2150
3095
865
4267
603
3803
7638
5472
7955
3005
9116
6134
3332
7566
9041
3792
6116
3595
3599
2538
6943
1810
4826
310
7602
1250
5258
5675
1106
663
8724
5083
870
9370
7062
30
6509
3231
5049
2598
9117
5637
4205
4299
3872
5044
1472
9321
3839
7384
2174
790
8775
6704
8679
8074
4956
183
170
7220
6763
4658
2823
3796
7405
8313
5424
5772
9443
9652
832
4797
9927
2176
7809
8494
8526
4004
7816
1697
9118
3381
6231
6175
8174
5787
5748
1233
9909
816
6357
6645
9730
6291
6441
61
2363
4612
3866
6579
3424
3370
3506
6329
4471
3578
6044
4107
338
6830
4616
7027
8388
5845
3098
1276
7511
3889
9365
8307
1248
6926
266
8993
5169
5062
5076
9032
6425
136
9969
5375
5080
7269
7811
8664
9136
6118
687
5105
7100
605
3024
3575
5433
4841
2978
2577
6486
177
7052
4295
3141
9372
1287
6026
9628
802
8538
6606
3906
6292
7320
7632
9130
6594
6296
658
8983
9573
7040
1788
9432
1817
545
6788
1187
6671
8336
645
333
2980
3379
9203
1984
6003
340
5856
4234
7697
6047
7312
2112
285
6892
1750
4896
1273
7681
6330
7066
9212
9559
8329
7108
8977
8445
7068
1381
4434
5975
4069
8813
1388
874
6683
9613
5757
7980
1085
6866
8440
6195
272
6663
9793
3966
6592
1865
9951
2954
1573
2868
1222
8737
3974
3850
5205
2972
5084
8420
5429
8167
8644
402
7494
1829
6730
890
6089
5556
5695
6697
1226
9036
2409
7475
6166
3676
7621
6413
3845
2562
5712
6105
613
6623
991
5947
1812
5997
33
5214
4452
8757
8282
1153
5312
7792
8941
449
9278
8392
1098
8391
9301
7182
9912
2691
4743
335
8555
4669
5626
2356
1686
1282
3521
2519
4215
1592
7167
7653
3220
9506
7293
4498
3469
651
1204
8576
9647
6438
5
9392
4830
2389
5505
3240
2636
3869
1169
2762
6224
9839
3853
8678
9535
8834
694
8333
238
4250
3139
1438
4725
9692
5714
1669
6678
7309
9406
9800
1664
5668
3461
3440
8397
3226
3445
9214
5970
6183
4596
9884
9752
6868
1579
972
3972
5253
4127
3609
6547
696
7053
3731
100
155
3986
8825
6768
8951
6402
1184
9653
7631
4082
5186
6237
8694
6575
1344
8513
9361
3642
8769
6229
1084
1916
8798
2246
1698
9066
8712
6870
7345
8658
6476
861
4652
9767
4836
7371
8414
6474
1811
3777
9114
9982
7423
7808
8225
7111
9547
2222
4989
2808
1306
4329
3065
7237
2908
3135
1147
1469
3806
4413
6126
445
3902
1735
4887
6636
968
762
1465
4116
1323
1464
5356
5597
5624
2657
7473
8819
4259
7011
7659
819
3345
6760
2046
312
2452
7070
2110
1965
3857
3448
5551
372
2546
3121
4722
955
4595
3049
1569
8946
4585
5993
3307
7593
5831
386
7495
7446
3915
6409
5454
7464
2380
4869
4618
2565
8326
6639
2904
7407
6392
6584
1559
4590
6002
9989
4331
9616
6449
8806
6115
8595
3659
1623
3473
5361
5435
2491
9096
3842
9462
3743
8505
7313
7087
3085
3876
7254
9763
5241
5174
2494
7655
440
3136
1380
6127
5698
4208
3021
3896
5398
1911
784
6220
9847
9671
9300
8898
6232
1367
4623
6171
8330
8843
4833
4303
1101
1549
1949
7756
9244
5207
4559
4370
227
1879
7176
4360
89
1406
7983
6742
3626
2818
23
1368
337
1520
6991
7450
1018
4611
9223
5596
6984
8693
9411
8718
5389
5469
6979
3330
5545
2437
2265
7206
1668
2231
3948
4472
7813
103
7463
869
3604
6938
538
3598
2487
6969
1665
6298
9812
6983
1284
4558
7024
3308
5601
7515
35
1303
4710
780
4675
9435
95
4379
4126
9663
8675
4462
3418
8662
5651
7143
3677
1255
1807
8689
5653
5328
6815
714
5233
5517
9524
7564
8937
6319
4897
7244
3554
515
4598
199
6299
834
8579
7175
5916
2422
4603
4162
4810
8821
7193
2352
7676
2074
1375
4822
317
7137
4910
3822
4954
1120
6202
8758
5335
668
9488
2391
1712
738
1797
5784
9173
6470
9257
5346
7428
7586
9471
5235
3433
6170
1430
479
8541
1830
6530
804
3112
2089
4923
8746
8102
2807
5415
6932
7786
6066
6888
4427
2007
7735
4709
6144
6073
433
3573
7441
2320
6794
3205
8823
5165
2305
4209
6839
5558
9155
575
6499
8829
6061
9987
7518
1354
5403
6651
7797
3314
8431
9860
9390
8033
1076
71
1995
8687
3937
1850
1920
1052
417
1485
207
9712
4230
9247
851
2568
782
5989
7181
2679
2984
476
353
1371
6242
1490
7437
2439
2716
6827
4285
7267
2268
6814
7097
156
8362
8303
7701
5674
9701
5655
8838
4402
4561
5384
1285
2163
1901
44
6743
9596
2456
9415
7558
3
3018
2453
5280
599
3094
4944
3716
8796
3613
7679
8021
7937
9809
2683
280
8959
6478
1416
5636
3130
2169
3230
198
4161
3199
3002
3754
262
1866
9296
510
4787
6014
8029
8771
6959
2955
2256
3924
6817
5054
1798
6528
7212
6426
7879
5813
9635
2629
6063
961
1761
502
1892
7530
8804
5496
533
1224
8284
8147
6855
7128
1754
4362
7409
6098
3191
1296
5932
334
7831
3057
639
5164
5480
9933
2294
7478
2812
903
7261
7290
5965
6318
1575
9385
5129
3794
7950
7688
3383
6791
8288
8030
699
6822
9042
4393
5419
7411
7851
5108
6262
7692
11
4700
7055
4643
931
7677
2411
3530
4792
5133
2361
53
2161
3784
1708
5744
4005
7959
1738
8187
5818
4492
5774
6574
3328
2219
655
1279
8762
7358
9204
9002
4321
6050
8785
1218
2905
3751
3403
6548
4586
6068
5829
6808
5557
3738
9943
5827
413
9556
7700
260
9340
6500
9463
9892
5616
9778
9689
9835
1211
793
7096
3844
4533
1927
1049
5643
1714
6346
9016
6515
3773
3732
5564
4172
5892
697
6612
8085
3799
1538
8328
9475
8144
5146
1176
5915
5914
7696
6090
4301
9656
5161
8708
4102
6225
7840
5984
9220
6349
999
7976
3837
3334
2619
6620
134
4773
4816
786
1729
5329
2676
8492
847
2227
1484
8559
4153
4404
2082
8356
6618
9245
7064
7188
8471
2940
8971
8097
7888
7893
8237
9271
2763
6850
5120
8247
289
9758
8511
8812
9532
561
2725
7451
731
6522
5576
1588
2649
9707
8850
5132
7850
5073
1600
1016
9482
908
9151
5895
3932
3860
2313
5140
9167
7503
3727
1612
7262
6113
4601
2311
5590
349
3955
9738
8474
517
6058
5773
661
1881
7665
5713
415
5039
8065
9822
3428
6359
5170
7401
7783
615
8732
4073
140
1975
3301
318
265
8485
8683
8068
527
9637
2286
9100
1671
439
5319
7131
6104
5865
9717
5587
5670
4191
376
8381
8076
4365
7864
9568
9189
508
9264
2044
8298
6747
8252
7954
5880
3080
8260
1894
1507
6482
6605
7468
5353
1382
6715
6946
9017
5396
3620
5631
5810
7416
2988
1128
3042
2760
2785
6982
323
2863
7142
8630
2153
4457
4801
621
6069
5937
411
8057
9023
1000
9055
2016
5967
8477
5171
5790
9160
5657
4998
1764
3197
982
1328
5318
5342
1677
2524
4765
9841
6754
4843
7247
5380
5344
7115
8080
5172
558
1278
2304
9974
6030
129
2072
5147
8925
5081
4913
8563
536
4369
4077
4640
1722
5404
8611
3150
9874
5683
9900
7675
9685
4396
801
6397
5946
259
756
8059
6776
7121
4812
426
2251
3374
5667
3198
7246
9250
27
480
9774
6695
673
2825
6097
167
7928
4505
2228
7119
1726
9215
4101
5041
5658
1691
2216
1565
2923
5717
3840
7760
2869
3596
4943
5878
9964
7361
1637
685
2723
5277
19
3694
6103
7477
4475
5739
2093
4385
6019
9333
5911
6687
4620
6524
6586
9619
9399
6581
3565
4372
3538
7165
3970
4805
5101
5960
9393
8868
7050
8634
2003
8653
732
3092
3931
7203
9231
9485
8426
5530
6185
1015
1652
2217
1841
6055
7317
6696
3719
76
8495
3762
7103
5240
9405
6111
8142
1182
8902
8917
8031
6684
719
3627
4192
4981
8742
2507
6446
8360
4194
3864
5127
5964
5521
3877
9609
1275
473
8181
6075
1511
6617
8318
5962
8266
9824
3315
2986
59
7285
3148
8877
5486
7829
5824
182
1240
6653
3707
6877
5541
4719
2850
8149
7834
4794
7669
2597
9103
8028
6005
1979
8900
9718
1833
960
4842
4129
22
8367
117
2037
6368
9592
6132
1967
7462
7643
7859
9687
6682
4790
6977
4466
7470
5479
5202
5904
6755
3343
7902
6634
4311
1003
920
1082
7083
3764
971
6495
5992
1918
7028
776
7026
6176
261
9537
8005
6734
1124
5638
1235
4251
6635
3998
1268
4425
3026
5441
6532
7201
2157
3882
6518
4196
703
9362
9491
2796
5010
5432
67
8854
8685
2126
4924
6236
470
8082
5234
9210
2118
1450
2339
2616
3693
2966
4361
698
6338
3245
1926
2945
4866
8078
6041
8261
5994
5775
4496
2292
4716
706
1125
8976
7562
1856
6935
4092
4799
1953
5608
466
936
1872
6688
3232
3086
9374
6773
1320
8884
8162
5952
5793
8698
5208
5354
8165
2451
2063
6973
6607
4326
765
1844
2223
6783
5693
1508
1136
3203
5259
2236
1001
8830
3347
4734
675
6194
263
6534
7095
3452
9156
867
729
2173
3625
8569
635
1582
2260
4695
197
5391
9881
7396
1425
2330
5184
2909
4055
6931
4464
6018
2593
9669
348
1731
2224
989
5733
1404
154
4071
4160
4653
9256
8172
7710
4277
6455
305
6415
8464
2761
6024
1047
6079
4827
5830
9729
8223
5807
4698
1570
2770
298
7217
1067
4731
2040
2754
569
8427
420
3504
7076
8128
1395
6466
6303
1292
8623
2588
8311
6723
218
6735
1116
1314
6699
7216
5287
6539
6904
7873
1455
4297
2866
205
7138
3576
4202
1853
5795
4925
6597
5142
6290
2953
3249
7958
1201
9379
6568
5615
6536
5919
1533
7221
2460
5563
5931
2198
4974
4920
83
6327
1056
4455
3045
5838
7136
6736
3787
6259
7717
7579
6961
6342
9859
6712
4229
6752
3397
6916
2685
3386
6838
981
5493
5343
2655
6604
6507
8839
6060
1109
1529
8506
2448
1546
1312
4854
6159
3365
9234
8180
7133
5689
8677
8265
1667
9785
7109
3177
9894
314
6021
9287
5921
1551
8933
9394
2073
2899
9600
4415
4175
1298
279
7623
4186
7874
9984
5489
5907
6680
9262
2711
2127
6497
7325
9395
2201
7367
8512
9121
221
6221
906
4346
1555
2335
6203
1148
3344
4960
9515
6504
4
6582
596
8458
3077
9760
2662
4674
6249
2486
1030
478
40
5650
7377
6741
4581
2449
1996
8416
2249
6558
6031
9776
7849
3313
5376
4015
7617
7714
8770
8150
2261
6109
6267
5697
2854
7610
6956
579
9688
39
2438
4405
1876
5702
8454
9842
5465
8994
5839
7210
9143
9901
9811
626
6787
9744
9302
4683
4681
4170
959
9868
313
9970
9897
3417
9412
5020
6479
6180
3289
1747
399
3904
688
809
5383
7400
8833
1537
691
8338
6745
2492
6852
6149
5635
923
9049
9067
9253
539
3052
9384
7906
881
878
8372
383
8310
2360
7948
2916
5888
2936
1020
1495
724
7279
7844
6083
9449
2686
8601
8906
8129
7273
5944
9976
2235
9320
5917
8297
7703
6893
3178
5805
8498
4999
2329
8352
928
531
9650
7858
8277
5659
6857
8530
1748
6112
6366
8650
5124
7444
8918
7506
7059
3475
9446
8196
4340
9889
3299
810
6192
5514
3849
6871
3360
6201
7419
1051
1397
8170
362
5215
7606
2929
7337
6020
3826
7413
2550
6193
1973
9598
7429
4522
6092
1809
8104
9071
4883
3285
2197
741
2881
4858
1914
5390
9
6070
9646
6976
5929
7732
3790
8567
1299
7257
2123
2930
9864
7227
588
9741
6825
9594
7339
1626
2100
3091
6273
7274
7899
7172
5853
37
9966
8246
6540
6975
3353
5726
9024
2841
2182
9150
2388
3460
9694
4181
1192
7326
8615
169
6602
2946
5297
1022
8670
2934
5738
2883
1361
2289
4432
5243
9254
4409
9221
4839
8875
7368
9145
7328
331
6177
3484
3126
9470
2300
7089
6998
5945
1152
6804
7666
2312
4080
7919
8873
365
2381
2537
8489
8874
8292
1732
2291
872
8587
7209
2241
2115
308
5928
2730
3593
354
9923
4742
9148
6883
4480
3316
2968
3786
7795
2831
4531
1458
8866
2820
1874
5858
8560
6709
9429
753
3027
2956
6840
6314
3688
3474
742
1982
7656
4879
6658
8887
6269
2617
5825
5598
8314
3295
8043
6440
2878
9714
7035
1925
2400
9877
6243
6654
3283
2160
8606
6458
6945
8423
4931
5074
864
2337
3584
895
9818
1208
380
1063
6000
8583
9965
6052
7342
4049
8961
7852
5903
942
4500
3186
5242
9695
2970
4958
3582
4644
6554
7664
92
9326
9727
9764
3106
7642
9904
7466
8465
5866
1456
7286
7546
891
6110
233
4551
114
1050
7107
5325
6952
7526
5711
7022
9424
2275
287
4363
7611
3067
8602
6835
7505
163
6566
5352
4135
8892
6565
9684
9541
3737
3833
7570
636
7067
3673
2775
3828
9917
9196
1744
377
2979
7527
9503
6854
4459
1362
5431
196
7592
3437
8179
4530
7512
3233
3720
8411
9331
4593
2365
4995
5239
8084
7781
3836
1576
2474
1597
9434
6421
9946
4912
3793
2303
4550
3791
4407
9587
3901
130
2431
4469
6400
9213
6962
5589
8032
4422
494
4086
6310
7984
6362
7987
1681
2297
395
1440
6365
7626
992
9679
2014
5125
8462
1214
650
2122
7294
419
7553
2017
8878
586
1526
2015
7343
3181
8553
521
6809
3303
8665
6614
7099
9090
1156
7634
5264
1262
489
9654
2502
8354
2271
9124
7453
135
6816
4570
8118
9713
3671
2207
4316
3039
2846
9625
4727
3482
8455
6580
3025
2475
1805
1366
7242
483
6887
1188
5745
9343
1348
4789
4817
241
713
8995
7410
9581
465
4757
8528
1702
8592
2536
88
5599
5533
8058
4134
8267
9961
9088
1992
2405
7292
733
4219
1048
4818
4776
2557
5426
5373
8609
50
7430
7605
6227
7012
7321
5724
6587
5808
7731
2296
244
235
3881
8734
7023
1252
4537
5443
5249
7576
1104
3090
4435
6465
6693
8633
9008
210
7145
518
3895
8103
4938
7178
693
105
8404
7184
969
2981
350
5406
5933
9388
1321
3542
7255
5951
7340
6076
3156
6821
3755
8979
1108
1462
5447
7351
6980
6656
425
1427
5317
7008
325
7393
551
5547
3767
9290
4359
3155
3367
6320
1663
3366
2429
9367
6347
8113
8232
973
6395
291
9242
1121
4269
4487
126
7994
2247
1228
74
6792
178
2240
1650
1960
4410
9779
8984
2012
8441
1622
2175
9967
4302
606
2498
1647
3913
6828
1231
8786
5189
877
6332
9350
8020
8788
7671
7650
6724
9161
3257
7720
8856
1038
8924
8867
8037
9095
9209
6701
519
3081
8305
2395
4476
9187
8019
7051
3933
4520
8435
1483
3698
9375
9031
9866
3820
7139
1969
1059
7183
5890
3171
9272
219
634
3552
5957
6944
8851
4964
711
8243
9816
408
6659
8818
1194
9428
3309
5777
1625
6628
3110
7734
4188
4040
8490
2999
4165
9499
985
2477
876
5666
4307
1133
9527
1333
1605
5293
7819
6598
7484
1447
4602
8316
8192
1426
8239
450
9363
8124
1482
9678
4613
1032
5918
5122
9105
7550
6727
7015
3990
8095
4187
9099
1356
9269
3633
5509
8997
5516
5948
1468
2960
1808
534
8038
5159
2788
3255
6681
7349
2891
3949
8140
759
682
6334
2865
7770
7961
604
2023
8228
9887
3154
7157
3750
4286
7229
8956
6187
360
2670
8394
7173
3488
2787
3771
6829
3980
5852
9601
6331
5414
4255
7803
9837
505
3616
4330
4604
8935
1137
6151
7253
5374
6036
5111
342
6949
8123
8396
7442
1274
7355
8491
8331
7765
6498
1539
8945
772
3118
9704
8453
5490
4811
9728
8863
1317
3033
7597
6102
8475
5428
8544
5177
9639
1878
8244
4327
8764
4388
4042
1
5131
1900
2559
7289
8936
7824
369
9576
8726
8275
9465
4349
387
2133
6990
9495
6277
3852
8847
3652
8139
4022
9586
7779
9122
9991
4240
3364
6591
9850
4438
3450
4680
7890
7104
9827
52
1981
3333
2680
5968
8220
6561
5743
7903
6879
7492
8347
3305
9153
2508
6167
1542
3201
6034
5176
5501
6801
5544
5188
8370
143
9867
4002
3346
9286
9560
8294
7730
5752
1467
9050
4122
3788
7245
2373
686
8138
4951
4262
9636
7042
1688
9570
5047
5412
8116
5130
5488
5531
1021
3608
5367
9805
4398
5699
2472
8647
7471
7544
2728
9416
8500
8523
9589
932
9427
5144
7079
6650
4418
7299
6189
7160
7764
5592
444
9765
9888
8060
3331
4915
6837
623
6379
3564
6800
2266
1119
6603
7213
7004
6948
8409
2375
4911
7350
9830
6358
4439
2212
933
8802
918
379
1421
7589
9110
4945
8271
7170
1466
6317
2099
8987
4039
1586
3832
24
1350
4814
3294
7249
4067
2466
3457
926
4583
5497
9973
8446
1087
9294
2279
3941
4078
6947
9528
7045
9019
1470
2496
5072
9530
2554
9282
8481
6378
7519
6847
825
8955
6248
4777
2799
3936
9557
7651
7609
6995
7625
6556
2358
9992
4555
6295
3691
9467
1264
1706
2870
863
6778
3087
4334
9284
7112
9396
6757
281
7920
6468
5826
5193
8593
2038
7884
3059
9208
4411
4928
332
624
1676
1793
5753
7521
9280
1496
6960
1245
3817
2190
4806
1997
1862
1081
3352
7736
9588
9133
8755
9925
2897
9549
9526
8584
7901
9507
7981
1213
431
8604
8672
9657
6874
9680
7491
2328
9081
9660
7706
3063
1721
7794
9749
462
8575
1347
4027
701
8876
5692
8171
3926
8136
9919
2154
997
6460
7978
2612
4486
3363
3668
5646
618
6971
1641
4068
5197
1407
7645
6578
4782
9682
3927
8499
9648
472
1475
8073
4614
7999
3851
702
7814
727
1799
5057
6191
391
6925
5716
4895
9366
6410
5769
2749
3050
852
6396
1336
1247
1376
5246
4141
8383
4665
2772
6859
1297
3644
9710
1653
4902
8378
9643
7251
8439
6706
8643
2748
9342
4738
5550
8759
6818
1939
5620
8681
9430
6981
3028
6523
1270
9677
5418
7930
1185
8942
429
5031
5593
294
286
7528
8817
8928
7164
6525
2553
573
1141
5619
889
6245
8169
7913
4374
1961
9034
994
9878
8451
7448
7658
3172
8173
5372
7662
9508
9993
835
3276
1544
5750
1105
3070
5794
407
12
7826
1408
9852
6513
8545
91
8656
7683
6430
7796
1174
5910
3390
1693
9043
3117
8497
4564
7793
7977
6631
1562
9069
5591
8939
9542
4253
910
9469
925
7637
1099
7934
1532
4845
9880
3483
2697
3706
629
7439
7287
2028
9303
6382
6625
6163
398
3747
6632
4687
9790
7845
1689
145
9978
6361
9275
2071
513
8133
1131
4440
5504
5647
5694
8980
4099
2505
977
7481
7574
9497
6256
3619
5220
475
3935
758
5360
6270
5363
6805
821
3666
2539
8667
1525
1439
4899
2111
4692
1861
3134
8985
6934
965
3782
2434
5221
8913
7336
3337
3643
8760
3426
446
7508
9079
4654
3168
767
3912
9736
7357
6972
2331
3655
2827
8651
1813
7454
6108
2284
1794
5483
2147
6780
1980
9997
4778
9378
2042
8184
3215
7151
8673
8201
2887
7753
3271
3394
7531
6746
749
7460
783
389
2027
8079
3164
7898
5227
6806
5118
7536
6473
7887
9722
8529
8262
1054
2687
1630
3501
8195
4781
3712
9539
5013
3975
8301
5519
7815
712
2406
6268
1122
5066
9459
4762
6388
9190
5267
4235
7568
9938
6215
2639
5776
5015
4491
1080
7305
9631
941
4057
7951
4823
2430
4769
7211
9407
8561
7708
25
9517
1922
7949
6793
6419
4227
3387
2790
1017
8749
7424
5628
2786
4114
4366
2855
9804
8548
4667
7443
7548
5077
8659
3674
4775
9410
8831
2499
1322
3492
9787
1791
8751
8350
9959
5151
2886
4201
6733
5123
3229
5677
8714
9273
8007
2386
2428
1294
7532
8340
2032
7929
8914
7025
718
3377
9381
6216
4416
97
5311
2252
2531
4802
1422
5060
7517
6048
2137
171
7153
7
637
5603
3533
9251
8522
9911
5727
4591
6137
6091
9825
3841
4660
4458
7311
1272
8487
4419
9896
4159
9442
9441
4479
6164
7985
1730
3463
8855
1857
5192
739
632
8648
4580
8295
2095
3527
8186
2306
4676
2912
884
5029
8640
7820
8787
4447
6124
293
3907
5491
4343
121
2643
5381
8182
7945
6316
4662
3427
4523
3194
4983
4310
580
3228
3992
9872
7722
9500
7126
2615
1977
679
7580
456
4079
2714
9518
5000
1624
640
3856
9788
9418
8827
7452
8276
9698
9781
5068
2695
6897
3711
7927
5661
2737
1636
9456
4445
3317
4222
1164
7916
3498
9548
6389
7149
8219
9198
1678
6661
8364
3605
2902
5588
7612
9882
9700
364
9005
4322
9666
4210
7603
6418
6630
4567
7657
5634
3810
1360
7947
239
5136
4406
2645
9228
4412
8668
8731
3718
240
9147
3056
2992
282
866
1742
7551
7174
3013
3241
5582
8503
6355
7591
9314
4216
2549
6519
8291
5292
1845
3662
8374
9873
7881
8224
6573
656
946
4935
3622
862
8927
264
1821
6452
6641
4252
8428
5985
7278
9162
54
3107
6286
8862
6372
9138
6646
1998
1497
9521
3225
8279
3306
4490
1990
7673
5751
9753
2942
7545
7224
7265
1117
2511
9040
2085
6988
4288
6824
2510
815
4726
6263
1924
3529
1288
2745
455
6087
7434
189
193
4659
9335
3321
3680
6535
9922
8046
9199
5061
6576
8967
9565
1409
6434
5276
3266
9579
5679
226
4000
798
3340
300
9277
1449
940
6205
8206
9632
7975
7502
7000
7957
1392
6156
2575
7587
750
5476
8691
5079
4451
7869
2710
5940
3281
5782
2024
4009
8870
3030
9139
3722
5322
6924
6790
5273
9603
1390
5754
8716
7917
3555
4051
553
6813
9724
5475
1773
9181
499
254
5313
4729
9602
4211
9762
5798
9493
2911
7264
8194
6374
1868
9848
8366
7633
111
3131
2121
8242
9761
5577
9773
5868
3020
2944
5351
9756
2817
9400
8087
9843
9028
3149
2345
9971
7773
6143
2353
1162
8178
8152
166
514
2273
1863
5296
3120
8482
8349
8134
3373
1338
6254
9174
7751
1463
1166
9026
2963
5012
6138
8304
7436
7860
1867
4844
5762
4128
1326
1696
843
7150
8543
7900
5606
186
3269
3873
8382
3816
7190
3723
6531
8358
9996
2376
3143
5925
4898
6729
3503
7924
5289
3175
3514
814
1007
6343
5338
2708
919
6340
3996
2128
9354
2668
6351
4011
2594
6953
5747
10
9740
7215
1606
9737
4874
7988
5622
7091
9772
8502
8696
1373
9869
5024
1304
6321
678
5463
900
1550
8449
3096
5218
7373
9206
5802
9511
6190
4183
1033
4735
8198
5882
3429
7635
8722
9293
938
5978
5069
7622
3264
897
7414
8616
9179
7417
6129
8175
8200
7077
351
7380
2382
4848
6350
1453
2795
8091
5187
4279
3687
7496
2771
7266
5179
1767
7102
2092
8290
9353
9558
8793
1349
1263
4467
3909
4828
2202
8390
9856
4997
6459
2675
8009
4239
2578
8269
4066
5524
3132
1072
2287
2479
139
5771
3985
8715
723
4850
8216
1577
8861
6246
451
9618
2613
8996
8215
4070
2888
8355
1501
5394
5230
4300
9085
2932
5969
8596
2997
4952
512
525
8483
1608
3382
8551
9902
1318
3752
9297
2585
8565
5780
5417
5323
3618
8210
6186
8251
7256
8954
5449
3708
9197
9733
8882
1091
6993
8365
3919
6304
1412
1948
5542
4633
9439
4456
9651
2393
1123
4600
9403
1377
8895
4421
9022
6652
2821
1232
7607
5686
6583
4231
7806
6025
7500
138
1988
9936
493
5527
5842
1596
8221
9134
2135
7963
2414
9940
3004
1372
2129
7668
4138
368
4519
8894
6664
3892
9937
6121
2837
7230
232
6057
4278
5474
2124
3910
7284
8835
7134
4437
5832
1246
3089
4821
6756
6174
9046
296
9268
7303
7608
6796
1062
6970
1517
1707
7514
2103
6511
4007
2136
4030
2432
8419
8493
6325
5538
6348
9615
6881
2530
4232
7127
3500
3068
8346
1752
3540
4834
3553
1999
6692
8773
6884
7365
4646
3214
4400
2443
8160
8949
128
9977
5232
8603
6117
3730
2350
1324
4577
4835
414
6700
1513
1161
8572
2077
2336
3008
9330
5416
2039
5362
5682
2162
1452
1434
3407
1443
2195
209
7767
6732
7490
1923
3846
8624
6283
2521
8478
8828
7485
3398
5023
7946
2824
1143
665
5185
4972
4065
653
700
7775
5894
4986
7935
8621
3312
6222
2011
7944
5046
7189
8040
9347
8594
5100
9479
7729
4028
9183
469
3879
2087
9021
9591
8700
1112
7921
9913
9097
6657
115
3072
953
1103
1802
9397
4861
2826
904
722
2574
6761
9931
9533
86
7327
7567
5764
8920
9170
8468
1639
720
8772
2319
443
9768
6412
3951
9126
826
8384
1959
2736
8654
6257
3675
7243
2802
9007
1934
2696
5723
8398
4622
6521
3327
2925
8473
1679
6739
1004
454
7370
8039
2194
2298
9176
5028
3293
8302
9725
2563
5629
1029
9747
5021
2734
8437
3476
422
8535
1976
751
2602
3704
9414
4880
8415
6354
1870
346
2290
5935
5936
5602
4368
6526
5245
6443
8968
7240
2101
2192
5819
5334
9129
5117
8916
5927
8050
1888
2533
6146
5719
2589
7967
4119
1633
566
3835
8960
42
9831
4249
6529
304
6895
5305
9062
3749
2
4103
9132
8379
9106
5035
9068
8109
56
666
6496
840
8947
8442
8629
7986
2722
9004
9195
9780
4509
1198
747
8905
6795
9715
5995
1886
7846
3520
9593
9999
8061
9627
8317
255
9154
8177
5906
6302
3663
6039
7894
6422
8393
871
5145
78
8093
9319
2497
7030
8199
3140
393
9327
7200
8406
4881
6637
5664
2642
8373
1834
7598
2543
5891
2401
5809
9222
8774
7432
4878
1414
8639
4224
8992
1102
4037
934
565
8081
9425
8264
8765
7892
6551
9457
4200
4761
3585
1492
292
1704
3447
41
1659
1387
3679
8536
875
8403
2254
2709
660
5053
1640
2288
2025
6770
3184
2113
6928
4478
8250
2447
5610
55
3462
2701
9890
6501
460
3774
5051
5098
5231
3969
3587
112
1100
8588
4547
9440
1751
8127
1442
179
3185
190
4093
1010
8753
131
3372
1205
7652
1535
8027
4758
4904
9344
9111
1877
6381
3562
7341
8929
3010
5729
9188
3867
9899
935
9522
5676
4337
1852
6702
1244
9409
9815
8534
8274
4615
3819
4268
8070
500
8508
6920
7194
8459
8278
6300
9373
9349
2257
4195
4306
1699
6863
4323
6219
125
8891
1221
6789
278
7877
3490
6869
1378
7870
7418
9716
1178
8573
217
8463
6670
4856
9334
6694
8293
5575
7402
4112
3272
7768
9665
9011
8789
3441
3167
4736
5758
1510
3829
5099
4617
1728
2033
6120
5473
6218
8096
6360
5499
2371
6660
7836
8705
7727
6284
1074
543
1487
7559
9077
4045
8480
7260
7933
2102
5455
9027
4632
1183
5254
9914
5834
6937
6550
3392
496
1743
464
6786
9404
7319
4724
4428
8132
403
9020
4133
3292
8094
2951
8792
8359
2924
943
258
3965
2355
3236
3389
1928
306
967
5896
120
3802
9056
8092
2506
509
850
9450
5922
7354
9135
9664
1175
1670
8002
1473
8703
7970
1801
8684
2309
5950
8702
1782
9950
8322
8516
2743
7086
9584
9044
8385
467
4506
9826
5087
2755
2459
8176
4686
3728
3960
5788
4549
5535
3227
9288
2200
7876
7628
2950
8213
8978
9437
8761
9010
9520
9544
695
2928
1195
1849
2688
8257
7179
8443
9845
9986
9219
2595
8638
8671
8438
3470
8400
9166
8067
5175
2637
2186
6811
7702
1401
2054
8558
2514
8137
1571
557
567
1683
2832
2344
6900
5058
3519
3022
532
2208
4468
7039
4510
5256
8055
7169
7534
8599
153
3713
3466
3064
614
4180
3478
5725
7272
1800
3766
4313
5621
5320
3938
7158
1461
2203
3359
9693
956
7381
8832
8589
555
2229
8711
9624
2638
2164
6095
5640
4314
4443
4677
2572
6708
2461
5836
6356
9833
9540
9483
5037
8157
5508
8320
8100
9614
7130
9051
9472
726
6042
9093
3925
9796
3103
7056
1043
6633
5560
1921
4341
2939
5295
7331
988
5216
57
4993
4052
9073
5248
1060
9932
4264
7094
9009
9789
952
6662
9168
424
3073
6666
3288
6173
7577
3594
3543
9238
677
4605
6492
6506
9915
2238
6200
5721
84
6668
7661
1756
8844
2560
746
3016
2139
5481
5749
5008
3742
8989
4488
6142
2949
5308
9473
1002
9306
2210
2184
4503
6753
1365
1393
3821
9087
1499
3173
7585
5063
842
7415
5211
1887
9178
9086
6032
9391
7726
7248
122
7017
4242
2143
9998
3797
7202
7926
9486
9546
2975
6407
3479
6035
4948
9743
6139
3848
9770
4353
9480
6911
6065
503
856
4708
7372
993
2149
7825
3956
5006
7476
297
5388
1855
1719
996
6333
2079
1256
5094
4679
4132
3563
6941
2843
9207
2146
9013
8871
6353
6461
7474
107
9916
2982
7636
9461
6744
9855
6078
6538
4575
4763
3710
9608
4247
5792
4034
7459
6717
984
1227
7639
5399
6266
3348
3472
9048
2094
8952
6182
1952
159
9304
6862
4784
4562
4574
1140
3318
2570
151
5999
9030
1014
6364
8766
4084
9675
708
4516
8486
5119
3715
3778
9948
4664
7105
5812
1445
8429
6240
1684
7941
7002
2971
223
82
6774
9606
2488
8707
2450
1528
1330
3862
7691
482
9279
4450
3838
2756
8119
7458
6074
69
9908
5330
8008
5405
4606
1173
9690
8880
3890
2528
5400
1777
2583
7923
3182
5115
9562
4145
3446
4795
5990
6427
363
7569
9817
3859
2801
1548
5963
7236
9512
769
5613
3467
3396
6445
6423
1008
9447
8748
3588
7277
1590
1086
9436
4556
5195
1907
6915
4155
394
8859
1341
957
4026
2060
5612
9240
5043
7771
1880
609
1337
452
4655
7152
9438
7843
468
1753
9553
7847
1692
6616
8323
7556
5768
367
9945
1219
7699
8669
8778
1673
9863
2660
7670
8351
3300
2646
5611
2628
9792
1269
6593
9348
8725
1711
2041
5980
3066
4973
9903
9218
4130
5986
1700
630
1958
2148
3528
3744
3695
2096
2622
2875
1191
5229
8421
2359
7041
6469
1522
7754
1394
522
7092
9305
833
8117
336
246
3880
1415
8075
2383
8049
3438
1095
9572
7395
6613
4109
388
5331
2609
929
1374
168
7867
9990
3610
2396
216
2990
9810
9814
6675
8155
2651
4641
1398
5536
4271
6562
2347
1417
8010
7777
9706
5299
1313
5430
5283
9658
9180
9464
4991
773
7498
9697
1725
3661
2648
5958
625
4572
9289
8143
4554
3721
888
5150
3310
4838
2861
760
8915
6845
8682
7155
1557
6807
1078
4837
2901
5938
5045
4996
7007
8655
0
8401
8115
4871
8546
4868
7802
836
7376
1628
9263
3216
6226
8501
98
7725
3717
6376
3630
5462
2177
3650
344
9318
7965
7001
3442
4485
316
3987
9641
8034
2811
6725
357
6352
6456
6001
5573
5814
8069
9952
9879
1759
1602
3494
1574
5617
5152
31
8012
4979
5413
796
5843
6448
6677
2476
8597
6261
5503
102
1040
4544
2726
3683
8024
7268
9445
8688
6964
5797
5304
1261
4061
8417
8865
8335
4969
3614
6858
795
6544
7798
3568
8552
7218
5730
3699
5314
9477
2967
3795
8285
2724
5846
5708
5604
643
3041
8448
3287
9571
7830
6341
2155
3456
808
837
4949
9895
4465
1787
8402
5096
2349
2387
8375
6278
4238
2180
7196
2927
4294
5791
2769
4984
3322
504
2919
6921
2601
8433
5574
5700
7600
5224
740
9364
5507
9907
2882
6691
4704
9676
5972
8614
602
7435
1531
2767
5201
1092
2218
3977
9795
987
9723
5688
8998
4274
3824
7698
2152
4514
6390
3235
6908
5007
8990
1342
181
7085
5030
4714
8240
5687
6255
6377
8531
7122
8306
1891
4517
2512
9295
6537
2704
3221
6442
8410
5357
8574
5585
2664
1502
4384
434
831
9000
9127
4976
3161
8697
1644
8801
2699
5579
529
6621
6008
3371
9953
3158
4877
3196
1379
60
339
8608
6974
9832
560
913
5586
8950
370
4753
3579
6967
3541
2314
7123
2903
7504
2567
8852
2445
2098
7456
5461
526
1905
7595
6293
5160
6685
6560
1629
5566
3922
142
65
1655
7646
3726
7425
9794
8807
4137
9739
5116
6217
7604
7543
3874
2165
627
4254
2621
9426
6315
2005
4489
8211
2750
3958
2022
9369
6851
8889
966
428
9035
689
8001
269
6917
9084
3162
6585
1858
3097
3069
4408
1172
3870
6391
2068
1190
3515
3800
2961
5770
4189
4290
4494
1737
3636
7250
8625
4815
5766
4870
9905
2893
6610
8721
7875
5549
3808
4025
3237
3623
8035
591
7324
912
1437
8120
9819
4029
9498
9128
8972
2848
998
5633
9227
4884
2548
592
7493
5269
829
4507
1610
3963
5641
4284
8805
6017
2234
328
9921
7654
9123
3497
6424
9703
2794
108
4749
9324
1970
721
6860
6912
9113
5194
1910
6371
6802
6370
4158
5134
5656
8881
1505
9185
9820
3291
4328
4021
4968
5741
355
1846
9883
7124
9605
8022
9261
4430
423
7582
4258
2759
7347
2600
5913
4206
7910
3641
5393
70
2081
1070
3689
7684
3489
978
2462
7144
9184
9194
4657
8479
5966
8885
649
9871
1847
8738
970
898
853
9421
3943
4147
7291
329
8425
345
2922
5097
5663
8747
5070
5534
2765
5155
3601
562
4755
9064
3753
2259
1035
2454
3962
6150
4894
2493
5052
195
9731
5350
1230
3189
6996
2009
5953
5487
9891
8334
9564
5278
3746
1656
3061
6843
6223
5093
7853
158
9270
8853
2106
8974
8743
4139
1524
916
7388
1705
5859
3944
8230
8571
5942
6072
3946
110
8931
6849
1937
6559
371
7513
406
7739
1741
8610
2158
8756
8948
9137
3270
9667
2214
8519
657
4442
3122
2138
5434
2746
8564
9803
5821
5135
250
5512
6865
3420
5301
9980
146
859
3159
2316
6942
1139
2744
5223
9309
4637
5271
7682
9981
7037
3770
7772
2658
8387
8646
838
5971
7973
4223
2727
9281
9529
979
1168
9975
4148
2614
6212
7241
1011
2580
4651
9574
7686
2426
6028
9025
9942
8299
1944
8710
6596
2167
8600
4589
5974
7048
4125
6399
7695
73
5206
690
4100
5849
6731
9979
6086
9307
7744
8255
3815
5736
1243
43
9516
1281
8607
777
8744
6512
3202
5468
1827
1189
1146
5162
6027
9784
7757
9604
5022
5671
8424
211
5450
6758
4635
1132
6936
7733
6344
774
7897
1046
7499
8259
8657
1129
5291
3785
1993
3204
7356
5735
3208
4383
2478
827
9709
1558
1820
7110
1293
6428
7810
6394
4908
6836
81
3612
1339
5973
2372
9216
2230
6923
7883
6416
4356
7177
8125
6480
5427
8767
2659
7449
2774
2270
6040
4376
2735
5244
1241
3855
7310
9029
5228
8858
4914
4395
5870
1340
231
6985
841
5943
6600
9038
2433
9797
7033
9191
202
5756
9988
7746
2713
157
5149
4728
4354
7480
1657
2368
4756
3858
9037
1257
8071
3957
3861
3658
4280
225
9834
8208
2036
766
5290
3311
303
1560
2640
8315
7044
8991
9854
9383
4832
410
9610
4922
9638
1283
4182
2587
474
7647
4733
7979
4987
2050
3973
2844
9962
9332
8888
2898
1036
8217
8332
1403
85
9323
5085
9177
9633
792
1903
9141
7539
9893
8056
2013
7982
1110
3290
9742
2681
9668
295
5763
1942
990
6152
2526
16
791
4292
3252
2051
2996
7865
4474
3180
6383
7135
823
8986
6141
3812
